['aber', 17850, 17247, 0.966218487394958]
['alle', 19075, 6973, 0.3655570117955439]
['allein', 566, 539, 0.9522968197879859]
['allem', 735, 710, 0.9659863945578231]
['allerdings', 258, 252, 0.9767441860465116]
['alles', 9902, 6486, 0.6550191880428197]
['als', 32683, 12690, 0.388275250130037]
['andere', 3742, 1715, 0.4583110636023517]
['anderen', 2030, 1721, 0.8477832512315271]
['anfang', 455, 445, 0.978021978021978]
['arbeit', 1507, 1466, 0.9727936297279363]
['artikel', 2313, 574, 0.24816255944660615]
['auch', 24655, 23681, 0.9604948286351653]
['auf', 35948, 35301, 0.9820017803493936]
['aus', 15465, 12951, 0.8374393792434529]
['bedeutung', 85, 84, 0.9882352941176471]
['bei', 20000, 18707, 0.93535]
['beiden', 544, 483, 0.8878676470588235]
['beim', 4148, 4041, 0.9742044358727098]
['beispiel', 344, 337, 0.9796511627906976]
['beitrag', 449, 448, 0.9977728285077951]
['beiträge', 75, 75, 1.0]
['bereich', 417, 417, 1.0]
['bereits', 612, 612, 1.0]
['besonders', 431, 423, 0.9814385150812065]
['besser', 1972, 1882, 0.9543610547667343]
['besteht', 232, 230, 0.9913793103448276]
['bietet', 500, 499, 0.998]
['bild', 3733, 2708, 0.7254219126707742]
['bin', 33943, 11991, 0.3532687151990101]
['bis', 6855, 5513, 0.8042304886943836]
['bisher', 677, 672, 0.9926144756277696]
['bleiben', 730, 717, 0.9821917808219178]
['bleibt', 1252, 1206, 0.963258785942492]
['bringen', 537, 524, 0.9757914338919925]
['buch', 726, 662, 0.9118457300275482]
['bzw.', 304, 296, 0.9736842105263158]
['dabei', 1702, 1669, 0.9806110458284372]
['dafür', 1416, 1413, 0.9978813559322034]
['daher', 315, 207, 0.6571428571428571]
['damit', 3281, 2683, 0.8177384943614752]
['dann', 11723, 11136, 0.9499274929625523]
['daran', 765, 482, 0.6300653594771242]
['darauf', 495, 491, 0.9919191919191919]
['darf', 1639, 1593, 0.971934106162294]
['darüber', 588, 585, 0.9948979591836735]
['das', 150469, 55874, 0.3713323010055227]
['dass', 11016, 10723, 0.97340232389252]
['davon', 908, 835, 0.9196035242290749]
['dazu', 1658, 1609, 0.9704463208685162]
['daß', 351, 351, 1.0]
['dem', 25043, 13734, 0.5484167232360341]
['den', 64501, 29060, 0.45053565061006806]
['denen', 2524, 904, 0.358161648177496]
['denn', 3412, 3213, 0.9416764361078547]
['der', 89771, 70818, 0.7888739125107217]
['deren', 488, 347, 0.7110655737704918]
['deshalb', 601, 586, 0.9750415973377704]
['dessen', 232, 181, 0.7801724137931034]
['deutlich', 309, 308, 0.9967637540453075]
['deutsche', 3983, 3451, 0.8664323374340949]
['deutschen', 1757, 1748, 0.9948776323278316]
['deutschland', 4488, 4247, 0.946301247771836]
['dich', 7482, 6945, 0.9282277465918204]
['diese', 5056, 4874, 0.964003164556962]
['diesem', 1255, 1235, 0.9840637450199203]
['diesen', 1838, 1792, 0.9749727965179543]
['dieser', 2522, 2486, 0.985725614591594]
['dieses', 2550, 2458, 0.9639215686274509]
['dir', 13952, 6773, 0.4854501146788991]
['doch', 8198, 7701, 0.9393754574286411]
['dort', 1588, 690, 0.4345088161209068]
['drei', 1614, 1551, 0.9609665427509294]
['durch', 3923, 3852, 0.9819016059138415]
['eben', 1302, 1123, 0.8625192012288786]
['ebenfalls', 120, 114, 0.95]
['eher', 1174, 1127, 0.9599659284497445]
['eigene', 792, 789, 0.9962121212121212]
['eigenen', 653, 650, 0.9954058192955589]
['eigentlich', 2975, 2964, 0.9963025210084033]
['ein', 43248, 37939, 0.8772428782833889]
['ein.', 1003, 728, 0.7258225324027916]
['eine', 17249, 17071, 0.9896805611919531]
['einem', 5630, 5611, 0.9966252220248668]
['einen', 11075, 11000, 0.9932279909706546]
['einer', 6875, 6819, 0.9918545454545454]
['eines', 1608, 1515, 0.9421641791044776]
['einfach', 6292, 6209, 0.986808645899555]
['einige', 534, 530, 0.9925093632958801]
['einmal', 1446, 1424, 0.9847856154910097]
['einzelnen', 77, 77, 1.0]
['eltern', 573, 567, 0.9895287958115183]
['ende', 2079, 1508, 0.7253487253487253]
['entscheidung', 390, 388, 0.9948717948717949]
['entwicklung', 178, 176, 0.9887640449438202]
['erhalten', 332, 327, 0.9849397590361446]
['erst', 2932, 2873, 0.9798772169167803]
['erste', 1455, 1430, 0.9828178694158075]
['ersten', 1483, 1468, 0.9898853674983142]
['etwa', 389, 360, 0.9254498714652957]
['etwas', 2623, 2566, 0.9782691574532978]
['familie', 1066, 447, 0.41932457786116323]
['finden', 882, 856, 0.9705215419501134]
['findet', 1079, 1064, 0.9860982391102873]
['frage', 1422, 1371, 0.9641350210970464]
['fragen', 1194, 1164, 0.9748743718592965]
['frau', 3104, 2541, 0.8186211340206185]
['frauen', 2495, 2389, 0.9575150300601203]
['führen', 211, 211, 1.0]
['führt', 401, 401, 1.0]
['fünf', 529, 520, 0.9829867674858223]
['für', 38089, 37825, 0.9930688650266482]
['gab', 1579, 747, 0.47308423052564913]
['ganz', 4284, 4043, 0.9437441643323996]
['ganze', 1232, 1212, 0.9837662337662337]
['gar', 3579, 2571, 0.7183570829840737]
['geben', 1211, 1197, 0.9884393063583815]
['gegen', 6932, 6783, 0.9785054818234276]
['gegenüber', 273, 271, 0.9926739926739927]
['gehen', 1656, 1631, 0.9849033816425121]
['geht', 5771, 5588, 0.9682897244844915]
['gehört', 981, 963, 0.981651376146789]
['geld', 3130, 1467, 0.4686900958466454]
['gemacht', 1378, 1329, 0.9644412191582002]
['genau', 2037, 1875, 0.9204712812960235]
['gerade', 5230, 5085, 0.9722753346080306]
['geschichte', 616, 605, 0.9821428571428571]
['gesellschaft', 427, 424, 0.9929742388758782]
['gewesen', 402, 396, 0.9850746268656716]
['gibt', 5940, 5833, 0.981986531986532]
['gilt', 605, 387, 0.6396694214876033]
['ging', 1323, 414, 0.3129251700680272]
['gleich', 2897, 2831, 0.9772178115291681]
['gott', 1155, 547, 0.47359307359307357]
['große', 1080, 1048, 0.9703703703703703]
['großen', 772, 771, 0.9987046632124352]
['grund', 540, 429, 0.7944444444444444]
['gut', 9908, 5589, 0.5640896245458216]
['gute', 4271, 3752, 0.8784827909154764]
['habe', 26024, 25286, 0.9716415616354135]
['haben', 8493, 8397, 0.9886965736488873]
['hallo', 6153, 1328, 0.21582967658052982]
['halten', 558, 547, 0.9802867383512545]
['hat', 34071, 15945, 0.4679933080919257]
['hatte', 1998, 1968, 0.984984984984985]
['hatten', 623, 581, 0.9325842696629213]
['heißt', 1153, 1132, 0.981786643538595]
['herr', 1351, 1064, 0.7875647668393783]
['heute', 9986, 9532, 0.9545363508912478]
['hier', 19474, 7784, 0.39971243709561466]
['hilfe', 633, 607, 0.9589257503949447]
['hin', 1125, 672, 0.5973333333333334]
['hinaus', 112, 112, 1.0]
['hätte', 2214, 2197, 0.9923215898825655]
['ich', 111298, 103969, 0.9341497601035059]
['ihm', 958, 919, 0.9592901878914405]
['ihn', 1874, 1806, 0.9637139807897546]
['ihnen', 1012, 1004, 0.9920948616600791]
['ihr', 12908, 12097, 0.9371707468236753]
['ihre', 2516, 2490, 0.9896661367249603]
['ihrem', 678, 672, 0.9911504424778761]
['ihren', 1194, 1186, 0.9932998324958124]
['ihrer', 785, 780, 0.9936305732484076]
['immer', 10492, 10118, 0.9643537933663744]
['informationen', 234, 209, 0.8931623931623932]
['innerhalb', 146, 144, 0.9863013698630136]
['ins', 4748, 2607, 0.5490732940185341]
['insbesondere', 40, 40, 1.0]
['ist', 54853, 51005, 0.9298488687947788]
['jahr', 2328, 2301, 0.9884020618556701]
['jahre', 1549, 1501, 0.9690122659780503]
['jahren', 1412, 1401, 0.9922096317280453]
['jeden', 2988, 1954, 0.6539491298527443]
['jeder', 1874, 1818, 0.9701173959445037]
['jedoch', 134, 134, 1.0]
['jetzt', 15426, 15233, 0.9874886555166602]
['kann', 11978, 11253, 0.9394723660043413]
['kaum', 3443, 1188, 0.3450479233226837]
['kein', 4691, 4572, 0.9746322745683224]
['keine', 6783, 6682, 0.985109833407047]
['keinen', 1735, 1727, 0.9953890489913545]
['kinder', 3746, 1281, 0.3419647624132408]
['kirche', 255, 241, 0.9450980392156862]
['klar', 1905, 1116, 0.5858267716535434]
['kleine', 2019, 1214, 0.6012877662209014]
['kleinen', 656, 654, 0.9969512195121951]
['kommen', 1728, 1664, 0.9629629629629629]
['kommt', 4884, 4673, 0.9567977067977068]
['konnte', 543, 538, 0.990791896869245]
['kosten', 579, 253, 0.4369602763385147]
['können', 2700, 2676, 0.9911111111111112]
['könnte', 1737, 1726, 0.9936672423719056]
['lange', 2972, 1433, 0.48216689098250337]
['lassen', 1379, 1300, 0.9427121102248006]
['leben', 3191, 3121, 0.9780633030397994]
['letzten', 988, 982, 0.9939271255060729]
['leute', 2555, 2448, 0.9581213307240705]
['liebe', 4822, 4128, 0.8560763168809623]
['liegt', 1102, 908, 0.8239564428312159]
['lässt', 951, 946, 0.9947423764458465]
['machen', 3676, 3592, 0.9771490750816104]
['macht', 4389, 4129, 0.9407609933925724]
['mann', 3860, 1546, 0.4005181347150259]
['mehr', 10587, 10311, 0.9739302918673846]
['mein', 17795, 9120, 0.5125035122225344]
['meine', 9021, 8656, 0.9595388537856113]
['meiner', 2418, 2371, 0.9805624483043838]
['meinung', 727, 719, 0.9889958734525447]
['meisten', 684, 682, 0.9970760233918129]
['mensch', 932, 792, 0.8497854077253219]
['menschen', 3813, 3795, 0.995279307631786]
['mich', 15360, 14162, 0.9220052083333333]
['millionen', 689, 669, 0.9709724238026125]
['mir', 17015, 15022, 0.8828680575962387]
['mit', 42829, 38128, 0.8902379229027061]
['muss', 6797, 6471, 0.9520376636751507]
['muß', 204, 203, 0.9950980392156863]
['märz', 255, 249, 0.9764705882352941]
['möchte', 1363, 1338, 0.9816581071166545]
['möglich', 494, 487, 0.9858299595141701]
['möglichkeit', 130, 129, 0.9923076923076923]
['münchen', 1117, 1062, 0.9507609668755596]
['müssen', 1775, 1765, 0.9943661971830986]
['nach', 12221, 11842, 0.9689878078716962]
['namen', 2234, 725, 0.3245299910474485]
['natürlich', 1190, 1184, 0.9949579831932773]
['neben', 531, 526, 0.9905838041431262]
['nehmen', 763, 754, 0.9882044560943644]
['neue', 5402, 5167, 0.9564975934838948]
['neuen', 2276, 2245, 0.9863796133567663]
['nicht', 39576, 39007, 0.9856225995552861]
['nichts', 3422, 3361, 0.9821741671537113]
['noch', 17324, 16704, 0.9642114984991919]
['nr.', 516, 212, 0.4108527131782946]
['nur', 16590, 13876, 0.8364074743821579]
['nächsten', 758, 754, 0.9947229551451188]
['oben', 346, 305, 0.8815028901734104]
['oder', 9447, 9051, 0.9580819307716736]
['oft', 1311, 1126, 0.858886346300534]
['ohne', 4447, 4215, 0.947829997751293]
['ort', 1066, 418, 0.3921200750469043]
['personen', 744, 340, 0.45698924731182794]
['politik', 3944, 817, 0.2071501014198783]
['politischen', 137, 137, 1.0]
['probleme', 1014, 622, 0.6134122287968442]
['prozent', 543, 539, 0.992633517495396]
['rahmen', 139, 132, 0.9496402877697842]
['recht', 1539, 1085, 0.705003248862898]
['regierung', 604, 597, 0.9884105960264901]
['richtig', 2650, 2506, 0.9456603773584905]
['rolle', 277, 211, 0.7617328519855595]
['rund', 447, 424, 0.9485458612975392]
['sagen', 1646, 1581, 0.9605103280680437]
['sagt', 1998, 1534, 0.7677677677677678]
['sagte', 276, 267, 0.967391304347826]
['satz', 243, 237, 0.9753086419753086]
['schnell', 1290, 1255, 0.9728682170542635]
['schon', 12899, 12489, 0.9682145902783161]
['schule', 1589, 1523, 0.9584644430459408]
['sehen', 2056, 2010, 0.9776264591439688]
['sehr', 5167, 4937, 0.9554867427907877]
['seien', 144, 141, 0.9791666666666666]
['sein', 5746, 4999, 0.8699965193177863]
['seine', 2469, 2123, 0.8598622924260835]
['seinem', 602, 599, 0.9950166112956811]
['seinen', 1038, 1003, 0.9662813102119461]
['seiner', 770, 765, 0.9935064935064936]
['seit', 2947, 2907, 0.9864268747879199]
['seite', 730, 718, 0.9835616438356164]
['seiten', 329, 324, 0.9848024316109423]
['selbst', 2180, 2135, 0.9793577981651376]
['sich', 16714, 16496, 0.986957042000718]
['sicher', 1082, 1053, 0.9731977818853974]
['sie', 30282, 18626, 0.6150848688990159]
['sieht', 2216, 2172, 0.98014440433213]
['sind', 14872, 14312, 0.9623453469607316]
['sinne', 169, 96, 0.5680473372781065]
['sogar', 990, 947, 0.9565656565656566]
['solche', 567, 556, 0.9805996472663139]
['soll', 3850, 3686, 0.9574025974025974]
['sollen', 993, 981, 0.9879154078549849]
['sollte', 2554, 2538, 0.9937353171495693]
['sollten', 777, 772, 0.9935649935649936]
['sondern', 1334, 1323, 0.9917541229385307]
['sowie', 180, 161, 0.8944444444444445]
['später', 780, 757, 0.9705128205128205]
['stadt', 974, 844, 0.86652977412731]
['statt', 1098, 1026, 0.9344262295081968]
['stehen', 842, 838, 0.995249406175772]
['steht', 1815, 1769, 0.9746556473829201]
['stellen', 871, 510, 0.5855338691159586]
['stellt', 755, 741, 0.9814569536423841]
['tage', 1903, 1562, 0.8208092485549133]
['teil', 1124, 1044, 0.9288256227758007]
['thema', 1160, 925, 0.7974137931034483]
['tun', 3497, 1315, 0.37603660280240203]
['uhr', 3966, 3594, 0.9062027231467473]
['und', 75408, 73392, 0.9732654360280076]
['universität', 78, 66, 0.8461538461538461]
['unsere', 2671, 2609, 0.976787719955073]
['unserer', 783, 772, 0.9859514687100894]
['unter', 3248, 3134, 0.9649014778325123]
['unternehmen', 407, 407, 1.0]
['verfügung', 64, 64, 1.0]
['verschiedenen', 186, 186, 1.0]
['viel', 6336, 5770, 0.9106691919191919]
['viele', 2614, 2570, 0.9831675592960979]
['vielen', 1866, 1765, 0.9458735262593784]
['vielleicht', 1995, 1982, 0.993483709273183]
['vom', 5021, 4685, 0.9330810595498905]
['von', 40834, 36989, 0.9058382720282118]
['vor', 8210, 7833, 0.9540803897685749]
['waren', 2381, 1557, 0.6539269214615707]
['wasser', 493, 437, 0.8864097363083164]
['weg', 4234, 1978, 0.46717052432687767]
['wegen', 2665, 2462, 0.923827392120075]
['weil', 4673, 4378, 0.9368713888294458]
['weise', 266, 234, 0.8796992481203008]
['weit', 606, 591, 0.9752475247524752]
['weiter', 2175, 2140, 0.9839080459770115]
['weitere', 667, 663, 0.9940029985007496]
['weiteren', 134, 134, 1.0]
['weiß', 2402, 2378, 0.9900083263946711]
['welche', 1133, 1073, 0.9470432480141218]
['welt', 3948, 3620, 0.916919959473151]
['wenig', 1104, 1081, 0.9791666666666666]
['weniger', 870, 849, 0.9758620689655172]
['wenn', 17664, 17335, 0.9813745471014492]
['wer', 6775, 5390, 0.7955719557195572]
['werde', 2087, 2058, 0.9861044561571634]
['werden', 5997, 5777, 0.9633149908287477]
['wie', 23905, 18787, 0.7859025308512864]
['wieder', 11006, 10740, 0.9758313647101581]
['wir', 15537, 14939, 0.961511231254425]
['wird', 10743, 10538, 0.9809178069440566]
['wirklich', 2449, 2429, 0.9918334013883218]
['wissen', 1390, 1254, 0.902158273381295]
['wohl', 2591, 2532, 0.9772288691624855]
['wollen', 1738, 1696, 0.9758342922899885]
['wollte', 1329, 1306, 0.9826937547027841]
['wurde', 3628, 3611, 0.9953142227122381]
['wurden', 784, 780, 0.9948979591836735]
['während', 668, 665, 0.9955089820359282]
['wäre', 3235, 3179, 0.9826893353941267]
['würde', 2994, 2976, 0.9939879759519038]
['würden', 514, 512, 0.9961089494163424]
['z.b.', 350, 335, 0.9571428571428572]
['zeigt', 979, 974, 0.9948927477017364]
['zeit', 3698, 3437, 0.9294213088155759]
['ziel', 487, 424, 0.8706365503080082]
['zukunft', 692, 676, 0.976878612716763]
['zum', 10705, 10318, 0.9638486688463335]
['zunächst', 52, 52, 1.0]
['zur', 5453, 5365, 0.9838620942600403]
['zurück', 1301, 1287, 0.98923904688701]
['zusammen', 1031, 1020, 0.9893307468477207]
['zwar', 738, 728, 0.986449864498645]
['zwei', 2237, 2180, 0.9745194456861869]
['zwischen', 1230, 1229, 0.9991869918699187]
['über', 11269, 11036, 0.979323808678676]
['überhaupt', 775, 729, 0.9406451612903226]
